>> B
B =

    1    2    0    0    0    0    0    0
    0    3    4    0    0    0    0    0
    0    0    5    6    0    0    0    0
    0    0    0    7    8    0    0    0
    0    0    0    0    9   10    0    0
    0    0    0    0    0   11   12    0
    0    0    0    0    0    0   13   14
    0    0    0    0    0    0    0   15

>> [U,S,V]=svd(B)
U =

 Columns 1 through 6:

   5.9198e-07  -4.3916e-05   1.0325e-03   1.2039e-02   8.1361e-02   3.3204e-01
   5.6437e-05  -2.3173e-03   2.9986e-02   1.7985e-01   5.4146e-01   6.9633e-01
   1.5575e-03  -3.4354e-02   2.3096e-01   6.2263e-01   5.1517e-01  -3.5786e-01
   1.9109e-02  -2.1206e-01   6.3599e-01   4.1303e-01  -4.5495e-01   3.8352e-02
   1.2224e-01  -5.9437e-01   4.5048e-01  -4.6853e-01   1.2960e-01   1.5793e-01
   4.2759e-01  -6.2095e-01  -4.2345e-01   9.7496e-02   1.3747e-01  -2.5972e-01
   7.6902e-01   1.9378e-01  -8.4886e-02   2.2390e-01  -2.8532e-01   3.0056e-01
   4.5877e-01   4.2124e-01   3.8965e-01  -3.6068e-01   3.3274e-01  -3.0430e-01

 Columns 7 and 8:

   7.5609e-01   5.5795e-01
  -4.8421e-02  -4.3167e-01
  -1.7748e-01   3.6448e-01
   2.6132e-01  -3.2070e-01
  -2.8984e-01   2.8911e-01
   2.9371e-01  -2.6487e-01
  -2.8587e-01   2.4547e-01
   2.7240e-01  -2.2947e-01

S =

Diagonal Matrix

 Columns 1 through 7:

   24.02117          0          0          0          0          0          0
          0   17.93342          0          0          0          0          0
          0          0   13.38845          0          0          0          0
          0          0          0    9.72824          0          0          0
          0          0          0          0    6.70301          0          0
          0          0          0          0          0    4.19316          0
          0          0          0          0          0          0    2.14843
          0          0          0          0          0          0          0

 Column 8:

          0
          0
          0
          0
          0
          0
          0
    0.59828

V =

 Columns 1 through 6:

   2.4644e-08  -2.4488e-06   7.7121e-05   1.2375e-03   1.2138e-02   7.9187e-02
   7.0977e-06  -3.9256e-04   6.8734e-03   5.7938e-02   2.6661e-01   6.5656e-01
   3.3360e-04  -1.0095e-02   9.5213e-02   3.9396e-01   7.0740e-01   2.3753e-01
   5.9576e-03  -9.4268e-02   4.3603e-01   6.8121e-01  -1.3968e-02  -4.4804e-01
   5.2165e-02  -3.9289e-01   6.8285e-01  -9.3801e-02  -3.6897e-01   4.1214e-01
   2.4669e-01  -7.1231e-01  -1.1439e-02  -3.7138e-01   4.1894e-01  -3.0470e-01
   6.2979e-01  -2.7503e-01  -4.6196e-01   4.1947e-01  -3.0724e-01   1.8856e-01
   7.3468e-01   5.0361e-01   3.4778e-01  -2.3392e-01   1.4869e-01  -8.5066e-02

 Columns 7 and 8:

   3.5193e-01   9.3259e-01
   6.3624e-01  -2.9939e-01
  -5.0319e-01   1.5998e-01
   3.5577e-01  -9.6971e-02
  -2.4112e-01   6.0866e-02
   1.5474e-01  -3.7482e-02
  -8.9261e-02   2.1153e-02
   3.9016e-02  -9.1524e-03
