>> B
B =

    1    2    0    0    0    0    0    0    0    0    0    0
    0    3    4    0    0    0    0    0    0    0    0    0
    0    0    5    0    0    0    0    0    0    0    0    0
    0    0    0    7    8    0    0    0    0    0    0    0
    0    0    0    0   -9   10    0    0    0    0    0    0
    0    0    0    0    0  -11   12    0    0    0    0    0
    0    0    0    0    0    0   13  -14    0    0    0    0
    0    0    0    0    0    0    0   15    0    0    0    0
    0    0    0    0    0    0    0    0   17   18    0    0
    0    0    0    0    0    0    0    0    0   -1   10    0
    0    0    0    0    0    0    0    0    0    0   21  -22
    0    0    0    0    0    0    0    0    0    0    0   23

>> [U,S,V]=svd(B)
U =

 Columns 1 through 8:

   0.00000   0.00000   0.00000   0.00000   0.00000   0.00000   0.00000   0.10546
   0.00000   0.00000   0.00000   0.00000   0.00000   0.00000   0.00000   0.71094
   0.00000   0.00000   0.00000   0.00000   0.00000   0.00000   0.00000   0.69530
   0.00000   0.00000  -0.01896   0.20534   0.00000   0.60793  -0.70567   0.00000
   0.00000   0.00000   0.12222  -0.59408   0.00000  -0.50807  -0.42837   0.00000
   0.00000   0.00000  -0.42758   0.62338   0.00000  -0.43407   0.02687   0.00000
   0.00000   0.00000  -0.76903  -0.19388   0.00000  -0.10274  -0.33577   0.00000
   0.00000   0.00000   0.45877   0.42275   0.00000  -0.41631  -0.45284   0.00000
   0.00383  -0.99933   0.00000   0.00000   0.02693   0.00000   0.00000   0.00000
  -0.14520   0.03421   0.00000   0.00000   0.53071   0.00000   0.00000   0.00000
  -0.82581  -0.00215   0.00000   0.00000   0.39968   0.00000   0.00000   0.00000
   0.54493   0.01287   0.00000   0.00000   0.74691   0.00000   0.00000   0.00000

 Columns 9 through 12:

  -0.68376   0.00000   0.72204   0.00000
  -0.45584   0.00000  -0.53551   0.00000
   0.56980   0.00000   0.43805   0.00000
   0.00000  -0.29988   0.00000   0.00000
   0.00000  -0.43646   0.00000   0.00000
   0.00000  -0.48932   0.00000   0.00000
   0.00000   0.49771   0.00000   0.00000
   0.00000   0.48211   0.00000   0.00000
   0.00000   0.00000   0.00000   0.02451
   0.00000   0.00000   0.00000   0.83432
   0.00000   0.00000   0.00000  -0.39786
   0.00000   0.00000   0.00000  -0.38080

S =

Diagonal Matrix

 Columns 1 through 7:

   35.99747          0          0          0          0          0          0
          0   24.77128          0          0          0          0          0
          0          0   24.02114          0          0          0          0
          0          0          0   17.92515          0          0          0
          0          0          0          0   16.06977          0          0
          0          0          0          0          0   13.15951          0
          0          0          0          0          0          0    8.32422
          0          0          0          0          0          0          0
          0          0          0          0          0          0          0
          0          0          0          0          0          0          0
          0          0          0          0          0          0          0
          0          0          0          0          0          0          0

 Columns 8 through 12:

          0          0          0          0          0
          0          0          0          0          0
          0          0          0          0          0
          0          0          0          0          0
          0          0          0          0          0
          0          0          0          0          0
          0          0          0          0          0
    6.74166          0          0          0          0
          0    3.00000          0          0          0
          0          0    2.86502          0          0
          0          0          0    0.74166          0
          0          0          0          0    0.57302

V =

 Columns 1 through 8:

   0.00000   0.00000   0.00000   0.00000   0.00000  -0.00000   0.00000   0.01564
   0.00000   0.00000   0.00000   0.00000   0.00000  -0.00000   0.00000   0.34765
   0.00000   0.00000   0.00000   0.00000   0.00000  -0.00000   0.00000   0.93749
   0.00000   0.00000  -0.00553   0.08019   0.00000   0.32338  -0.59341   0.00000
   0.00000   0.00000  -0.05211   0.38992   0.00000   0.71705  -0.21503   0.00000
   0.00000   0.00000   0.24668  -0.71397   0.00000  -0.02324  -0.55012   0.00000
   0.00000   0.00000  -0.62979   0.27671   0.00000  -0.49732  -0.48564   0.00000
   0.00000   0.00000   0.73469   0.50519   0.00000  -0.36522  -0.25130   0.00000
   0.00181  -0.68582   0.00000   0.00000   0.02849  -0.00000   0.00000   0.00000
   0.00595  -0.72754   0.00000   0.00000  -0.00286  -0.00000   0.00000   0.00000
  -0.52209   0.01198   0.00000   0.00000   0.85255  -0.00000   0.00000   0.00000
   0.85287   0.01386   0.00000   0.00000   0.52186  -0.00000   0.00000   0.00000

 Columns 9 through 12:

  -0.22792   0.00000   0.97355   0.00000
  -0.91168   0.00000  -0.21902   0.00000
   0.34188   0.00000   0.06498   0.00000
   0.00000  -0.73269   0.00000   0.00000
   0.00000   0.53370   0.00000   0.00000
   0.00000   0.35529   0.00000   0.00000
   0.00000   0.20886   0.00000   0.00000
   0.00000   0.09208   0.00000   0.00000
   0.00000   0.00000   0.00000   0.72721
   0.00000   0.00000   0.00000  -0.68603
   0.00000   0.00000   0.00000  -0.02080
   0.00000   0.00000   0.00000  -0.00949

>> [U,S,V]=svd(B(1:3,1:3))
U =

   0.10546  -0.68376   0.72204
   0.71094  -0.45584  -0.53551
   0.69530   0.56980   0.43805

S =

Diagonal Matrix

   6.74166         0         0
         0   3.00000         0
         0         0   0.74166

V =

   0.015642  -0.227921   0.973554
   0.347650  -0.911685  -0.219023
   0.937494   0.341882   0.064976

>> [U,S,V]=svd(B(4:8,4:8))
U =

  -0.018964   0.205336   0.607932  -0.705668  -0.299880
   0.122216  -0.594079  -0.508068  -0.428374  -0.436458
  -0.427582   0.623380  -0.434072   0.026869  -0.489317
  -0.769027  -0.193882  -0.102743  -0.335767   0.497706
   0.458775   0.422746  -0.416305  -0.452843   0.482114

S =

Diagonal Matrix

   24.0211         0         0         0         0
         0   17.9252         0         0         0
         0         0   13.1595         0         0
         0         0         0    8.3242         0
         0         0         0         0    2.8650

V =

  -0.0055263   0.0801862   0.3233803  -0.5934103  -0.7326862
  -0.0521064   0.3899214   0.7170537  -0.2150332   0.5337049
   0.2466810  -0.7139672  -0.0232449  -0.5501175   0.3552883
  -0.6297926   0.2767113  -0.4973225  -0.4856354   0.2088556
   0.7346864   0.5051862  -0.3652249  -0.2513045   0.0920845

>> [U,S,V]=svd(B(9:12,9:12))
U =

   0.0038277  -0.9993295   0.0269272   0.0245120
  -0.1452008   0.0342086   0.5307097   0.8343223
  -0.8258077  -0.0021526   0.3996767  -0.3978638
   0.5449254   0.0128726   0.7469141  -0.3808017

S =

Diagonal Matrix

   35.99747          0          0          0
          0   24.77128          0          0
          0          0   16.06977          0
          0          0          0    0.57302

V =

   0.0018076  -0.6858186   0.0284860   0.7272126
   0.0059476  -0.7275418  -0.0028637  -0.6860316
  -0.5220913   0.0119849   0.8525518  -0.0207952
   0.8528669   0.0138639   0.5218580  -0.0094872

>> diary off
