>> B
B =

    1    2    0    0    0    0    0    0    0    0    0    0
    0    3    4    0    0    0    0    0    0    0    0    0
    0    0    5    0    0    0    0    0    0    0    0    0
    0    0    0    7    8    0    0    0    0    0    0    0
    0    0    0    0   -9   10    0    0    0    0    0    0
    0    0    0    0    0  -11   12    0    0    0    0    0
    0    0    0    0    0    0   13   14    0    0    0    0
    0    0    0    0    0    0    0   15    0    0    0    0
    0    0    0    0    0    0    0    0   17   18    0    0
    0    0    0    0    0    0    0    0    0  -19   20    0
    0    0    0    0    0    0    0    0    0    0   21   22
    0    0    0    0    0    0    0    0    0    0    0   23

>> [U,S,V]=svd(B)
U =

 Columns 1 through 8:

   0.00000   0.00000   0.00000   0.00000   0.00000   0.00000   0.00000   0.00000
   0.00000   0.00000   0.00000   0.00000   0.00000   0.00000   0.00000   0.00000
   0.00000   0.00000   0.00000   0.00000   0.00000   0.00000   0.00000   0.00000
   0.00000   0.00000   0.01896   0.00000  -0.20534   0.60793  -0.70567   0.00000
   0.00000   0.00000  -0.12222   0.00000   0.59408  -0.50807  -0.42837   0.00000
   0.00000   0.00000   0.42758   0.00000  -0.62338  -0.43407   0.02687   0.00000
   0.00000   0.00000   0.76903   0.00000   0.19388  -0.10274  -0.33577   0.00000
   0.00000   0.00000   0.45877   0.00000   0.42275   0.41631   0.45284   0.00000
  -0.20277   0.63445   0.00000  -0.68856   0.00000   0.00000   0.00000   0.28678
   0.51918  -0.54439   0.00000  -0.45673   0.00000   0.00000   0.00000   0.47485
   0.73443   0.32810   0.00000  -0.15304   0.00000   0.00000   0.00000  -0.57406
   0.38723   0.43984   0.00000   0.54209   0.00000   0.00000   0.00000   0.60228

 Columns 9 through 12:

   0.10546  -0.68376   0.00000   0.72204
   0.71094  -0.45584   0.00000  -0.53551
   0.69530   0.56980   0.00000   0.43805
   0.00000   0.00000   0.29988   0.00000
   0.00000   0.00000   0.43646   0.00000
   0.00000   0.00000   0.48932   0.00000
   0.00000   0.00000  -0.49771   0.00000
   0.00000   0.00000   0.48211   0.00000
   0.00000   0.00000   0.00000   0.00000
   0.00000   0.00000   0.00000   0.00000
   0.00000   0.00000   0.00000   0.00000
   0.00000   0.00000   0.00000   0.00000

S =

Diagonal Matrix

 Columns 1 through 7:

   38.58361          0          0          0          0          0          0
          0   30.10733          0          0          0          0          0
          0          0   24.02114          0          0          0          0
          0          0          0   19.65057          0          0          0
          0          0          0          0   17.92515          0          0
          0          0          0          0          0   13.15951          0
          0          0          0          0          0          0    8.32422
          0          0          0          0          0          0          0
          0          0          0          0          0          0          0
          0          0          0          0          0          0          0
          0          0          0          0          0          0          0
          0          0          0          0          0          0          0

 Columns 8 through 12:

          0          0          0          0          0
          0          0          0          0          0
          0          0          0          0          0
          0          0          0          0          0
          0          0          0          0          0
          0          0          0          0          0
          0          0          0          0          0
    6.83438          0          0          0          0
          0    6.74166          0          0          0
          0          0    3.00000          0          0
          0          0          0    2.86502          0
          0          0          0          0    0.74166

V =

 Columns 1 through 8:

   0.00000   0.00000   0.00000   0.00000   0.00000  -0.00000   0.00000  -0.00000
   0.00000   0.00000   0.00000   0.00000   0.00000  -0.00000   0.00000  -0.00000
   0.00000   0.00000   0.00000   0.00000   0.00000  -0.00000   0.00000  -0.00000
   0.00000   0.00000   0.00553   0.00000  -0.08019   0.32338  -0.59341  -0.00000
   0.00000   0.00000   0.05211   0.00000  -0.38992   0.71705  -0.21503  -0.00000
   0.00000   0.00000  -0.24668   0.00000   0.71397  -0.02324  -0.55012  -0.00000
   0.00000   0.00000   0.62979   0.00000  -0.27671  -0.49732  -0.48564  -0.00000
   0.00000   0.00000   0.73469   0.00000   0.50519   0.36522   0.25130  -0.00000
  -0.08934   0.35824   0.00000  -0.59568   0.00000  -0.00000   0.00000   0.71333
  -0.35026   0.72287   0.00000  -0.18911   0.00000  -0.00000   0.00000  -0.56482
   0.66885  -0.13278   0.00000  -0.62841   0.00000  -0.00000   0.00000  -0.37431
   0.64960   0.57575   0.00000   0.46314   0.00000  -0.00000   0.00000   0.17896

 Columns 9 through 12:

   0.01564  -0.22792  -0.00000   0.97355
   0.34765  -0.91168  -0.00000  -0.21902
   0.93749   0.34188  -0.00000   0.06498
   0.00000   0.00000   0.73269   0.00000
   0.00000   0.00000  -0.53370   0.00000
   0.00000   0.00000  -0.35529   0.00000
   0.00000   0.00000  -0.20886   0.00000
   0.00000   0.00000   0.09208   0.00000
   0.00000   0.00000  -0.00000   0.00000
   0.00000   0.00000  -0.00000   0.00000
   0.00000   0.00000  -0.00000   0.00000
   0.00000   0.00000  -0.00000   0.00000

>> [U,S,V]=svd(B(1:3,1:3))
U =

   0.10546  -0.68376   0.72204
   0.71094  -0.45584  -0.53551
   0.69530   0.56980   0.43805

S =

Diagonal Matrix

   6.74166         0         0
         0   3.00000         0
         0         0   0.74166

V =

   0.015642  -0.227921   0.973554
   0.347650  -0.911685  -0.219023
   0.937494   0.341882   0.064976

>> [U,S,V]=svd(B(4:8,4:8))
U =

   0.018964  -0.205336   0.607932  -0.705668   0.299880
  -0.122216   0.594079  -0.508068  -0.428374   0.436458
   0.427582  -0.623380  -0.434072   0.026869   0.489317
   0.769027   0.193882  -0.102743  -0.335767  -0.497706
   0.458775   0.422746   0.416305   0.452843   0.482114

S =

Diagonal Matrix

   24.0211         0         0         0         0
         0   17.9252         0         0         0
         0         0   13.1595         0         0
         0         0         0    8.3242         0
         0         0         0         0    2.8650

V =

   0.0055263  -0.0801862   0.3233803  -0.5934103   0.7326862
   0.0521064  -0.3899214   0.7170537  -0.2150332  -0.5337049
  -0.2466810   0.7139672  -0.0232449  -0.5501175  -0.3552883
   0.6297926  -0.2767113  -0.4973225  -0.4856354  -0.2088556
   0.7346864   0.5051862   0.3652249   0.2513045   0.0920845

>> [U,S,V]=svd(B(9:12,9:12))
U =

  -0.20277   0.63445  -0.68856   0.28678
   0.51918  -0.54439  -0.45673   0.47485
   0.73443   0.32810  -0.15304  -0.57406
   0.38723   0.43984   0.54209   0.60228

S =

Diagonal Matrix

   38.5836         0         0         0
         0   30.1073         0         0
         0         0   19.6506         0
         0         0         0    6.8344

V =

  -0.089339   0.358243  -0.595682   0.713333
  -0.350259   0.722867  -0.189110  -0.564818
   0.668852  -0.132783  -0.628408  -0.374312
   0.649596   0.575755   0.463145   0.178965
